#Ignore first line. Each line has frame idx with variable number of Object IDS.
75	1	
76	1	
77	1	
78	1	
79	1	
80	1	
81	1	
82	1	
83	1	
84	1	
85	1	
86	1	
87	1	
88	1	
89	1	
90	1	
91	1	
92	1	
93	1	
94	1	
95	1	
96	1	
97	1	
98	1	
99	1	
100	1	
101	1	
102	1	
103	1	
104	1	
105	1	
106	1	
107	1	
108	1	
109	1	
110	1	
111	1	
112	1	
113	1	
114	1	
115	1	
116	1	
117	1	
118	1	
119	1	
120	1	
121	1	
122	1	
123	1	
124	1	
125	1	
126	1	
127	1	
128	1	
129	1	
130	1	
131	1	
132	1	
133	1	
134	1	
135	1	
136	1	
137	1	
138	1	
139	1	
140	1	
141	1	
142	1	
143	1	
144	1	
145	1	
146	1	
147	1	
148	1	
251	2	
252	2	
253	2	
254	2	
255	2	
256	2	
257	2	
258	2	
259	2	
260	2	
261	2	
262	2	
263	2	
264	2	
265	2	
266	2	
267	2	
268	2	
269	2	
270	2	
271	2	
272	2	
273	2	
274	2	
275	2	
276	2	
277	2	
278	2	
279	2	
280	2	
281	2	
282	2	
283	2	
284	2	
285	2	
286	2	
287	2	
288	2	
289	2	
290	2	
291	2	
292	2	
293	2	
294	2	
295	2	
296	2	
297	2	
298	2	
299	2	
300	2	
301	2	
302	2	
303	2	
304	2	
305	2	
306	2	
307	2	
308	2	
309	2	
310	2	
311	2	
312	2	
313	2	
314	2	
315	2	
316	2	
317	2	
318	2	
319	2	
320	2	
321	2	
322	2	
323	2	
324	2	
325	2	
326	2	
327	2	
328	2	
329	2	
330	2	
331	2	
332	2	
333	2	
334	2	
335	2	
336	2	
337	2	
338	2	
339	2	
340	2	
341	2	
342	2	
343	2	
344	2	
345	2	3	
346	3	
347	3	
348	3	
349	3	
350	3	
351	3	
352	3	
353	3	
354	3	
355	3	
356	3	
357	3	
358	3	
359	3	
360	3	
361	3	
362	3	
363	3	
411	4	
412	4	
413	4	
414	4	
415	4	
416	4	
417	4	
418	4	
419	4	
420	4	
421	4	
422	4	
423	4	
424	4	
425	4	
426	4	
427	4	
428	4	
429	4	
430	4	
431	4	
432	4	
433	4	
434	4	
435	4	
436	4	
437	4	
438	4	
672	5	
673	5	
674	5	
675	5	
676	5	
677	5	
678	5	
679	5	
680	5	
681	5	
682	5	
683	5	
684	5	
685	5	
686	5	
687	5	
688	5	
689	5	
690	5	
691	5	
692	5	
693	5	
694	5	
695	5	
696	5	
697	5	
698	5	
699	5	
700	5	
701	5	
702	5	
703	5	
704	5	
705	5	
706	5	
707	5	
708	5	
709	5	
710	5	
711	5	
712	5	
713	5	
714	5	
715	5	
716	5	
717	5	
718	5	
719	5	
720	5	
721	5	
722	5	
723	5	
724	5	
725	5	
726	5	
727	5	
728	5	
729	5	
730	5	
731	5	
732	5	
733	5	
734	5	
735	5	
736	5	
737	5	
738	5	
752	23	
753	23	
754	23	
755	23	
756	23	
757	23	
758	23	
759	23	
760	23	
761	23	
762	23	
763	23	
764	23	
765	23	
766	23	
767	23	
768	23	
769	23	
770	23	
771	23	
772	23	
773	23	
774	23	
775	23	
776	23	
777	23	
778	23	
779	23	
780	23	
781	23	
782	23	
783	23	
784	23	
785	23	
786	23	
801	6	
802	6	
803	6	
804	6	
805	6	7	
806	6	7	
807	6	7	
808	6	7	
809	6	7	
810	6	7	
811	6	7	
812	6	7	
813	6	7	
814	6	7	
815	6	7	
816	6	7	
817	6	7	
818	6	7	
819	6	7	
820	6	7	
821	6	7	
822	6	7	
823	6	7	
824	6	7	
825	7	
826	7	
827	7	
828	7	
829	7	
830	7	
831	7	
832	8	
833	8	
834	8	
835	8	
836	8	
837	8	
838	8	
839	8	
840	8	
841	8	
842	8	
843	8	
844	8	
845	8	
846	8	
847	8	
848	8	
849	8	
850	8	
851	8	
852	8	
853	8	
946	22	
947	22	
948	22	
949	22	
950	22	
951	22	
952	22	
953	22	
954	22	
955	22	
956	22	
957	22	
958	22	
2779	24	
2780	24	
2781	24	
2782	24	
2783	24	
2784	24	
2785	24	
2786	24	
2787	24	
2788	24	
2789	24	
2790	24	
2791	24	
2792	24	
2793	24	
3170	9	
3171	9	
3172	9	
3173	9	
3174	9	
3175	9	
3176	9	
3177	9	
3178	9	
3179	9	
3180	9	
3181	9	
3182	9	
3183	9	
3184	9	
3185	9	
3186	9	
3187	9	
3188	9	
3189	9	
3190	9	
3191	9	
3192	9	
3193	9	
3194	9	
3195	9	
3196	9	
3197	9	
3198	9	
3199	9	
3200	9	
3201	9	
3202	9	
3203	9	
3204	9	
3205	9	
3206	9	
3207	9	
3208	9	
3209	9	
3210	9	
3211	9	
3212	9	
3213	9	
3214	9	
3215	9	
3216	9	
3217	9	
3218	9	
3219	9	
3220	9	
3221	9	
3222	9	
3223	9	
3224	9	
3225	9	
3226	9	
3227	9	
3228	9	
3229	9	
3230	9	
3231	9	
3232	9	
3233	9	
3234	9	
3235	9	
3236	9	
3237	9	
3238	9	
3239	9	
3240	9	
3241	9	
3242	9	
3243	9	
3244	9	
3245	9	
3246	9	
3247	9	
3248	9	
3249	9	
3250	9	
3251	9	
3252	9	
3253	9	
3254	9	
3255	9	
3256	9	
3257	9	
3258	9	
3259	9	
3260	9	
3631	10	
3632	10	
3633	10	
3634	10	
3635	10	
3636	10	
3637	10	
3638	10	
3639	10	
3640	10	
3641	10	
3642	10	
3643	10	
3644	10	
3645	10	
3646	10	
3647	10	
3648	10	
3649	10	
3650	10	
3651	10	
3652	10	
3653	10	
3654	10	
3655	10	
3656	10	
3657	10	
3658	10	
3659	10	
3660	10	
3661	10	
3662	10	
3663	10	
3664	10	
3665	10	
3666	10	
3958	11	
3959	11	
3960	11	
3961	11	
3962	11	
3963	11	
3964	11	
3965	11	
3966	11	
3967	11	
3968	11	
3969	11	
3970	11	
3971	11	
3972	11	
3973	11	
3974	11	
3975	11	
3976	11	
3977	11	
3978	11	
3979	11	
3980	11	
3981	11	
3982	11	
3983	11	
3984	11	
3985	11	
3986	11	
3987	11	
3988	11	
3989	11	
3990	11	
3991	11	
3992	11	
3993	11	
3994	11	
3995	11	
3996	11	
3997	11	
3998	11	
3999	11	
4000	11	
4001	11	
4002	11	
4003	11	
4004	11	
4005	11	
4006	11	
4007	11	
4008	11	
4009	11	
4010	11	
4011	11	
4012	11	
4013	11	
4014	11	
4015	11	
4016	11	
4017	11	
4018	11	
4019	11	
4020	11	
4021	11	
4022	11	
4023	11	
4024	11	
4025	11	
4026	11	
4027	11	
4028	11	
4029	11	
4116	12	
4117	12	
4118	12	
4119	12	
4120	12	
4121	12	
4122	12	
4123	12	
4124	12	
4125	12	
4126	12	
4127	12	
4128	12	
4129	12	
4130	12	
4131	12	
4132	12	
4133	12	
4134	12	
4135	12	
4136	12	
4137	12	
4138	12	
4139	12	
4140	12	
4141	12	
4142	12	
4143	12	
4144	12	
4145	12	
4146	12	
4147	12	
4148	12	
4149	12	
4150	12	
4151	12	
4152	12	
4153	12	
4154	12	
4155	12	
4156	12	
4157	12	
4158	12	
4159	12	
4160	12	
4161	12	
4162	12	
4163	12	
4164	12	
4165	12	
4166	12	
4167	12	
4168	12	
4169	12	
4170	12	
4171	12	
4172	12	
4173	12	
4174	12	
4175	12	
4176	12	
4177	12	
4178	12	
4179	12	
4180	12	
4181	12	
4182	12	
4183	12	
4184	12	
4185	12	
4186	12	
4187	12	
4188	12	
4189	12	
4190	12	
4191	12	
4192	12	
4193	12	
4194	12	
4195	12	
4196	12	
4197	12	
4198	12	
4199	12	
4200	12	
4201	12	
4202	12	
4203	12	
4204	12	
4205	12	
4206	12	
4207	12	
4208	12	
4209	12	
4210	12	
4211	12	
4212	12	
4213	12	
4214	12	
4215	12	
4216	12	
4217	12	
4447	13	
4448	13	
4449	13	
4450	13	
4451	13	
4452	13	
4453	13	
4454	13	
4455	13	
4456	13	
4457	13	
4458	13	
4459	13	
4460	13	
4461	13	
4462	13	
4463	13	
4464	13	
4465	13	
4466	13	
4467	13	
4468	13	
4469	13	
4470	13	
4471	13	
4472	13	
4473	13	
4474	13	
4475	13	
4476	13	
4477	13	
4478	13	
4479	13	
4480	13	
4481	13	
4482	13	
4483	13	
4484	13	
4485	13	
4486	13	
4487	13	
4488	13	
4489	13	
4490	13	
4491	13	
4492	13	
4493	13	
4494	13	
4495	13	
4496	13	
4497	13	
4498	13	
4499	13	
4500	13	
4501	13	
4502	13	
4503	13	
4504	13	
4505	13	
4506	13	
4507	13	
4508	13	
4509	13	
4510	13	
4511	13	
4512	13	
4513	13	
4514	13	
4515	13	
4516	13	
4517	13	
4518	13	
4519	13	
4520	13	
4521	13	
4522	13	
4523	13	
4524	13	
4525	13	
4526	13	
4527	13	
4528	13	
4529	13	
4530	13	
4531	13	
4532	13	
4533	13	
4534	13	
4535	13	
4536	13	
4537	13	
4538	13	
4539	13	
4540	14	
4541	14	
4542	14	
4543	14	
4544	14	
4545	14	
4546	14	
4547	14	
4548	14	
4549	14	
4550	14	
4551	14	
4552	14	
4553	14	
4554	14	
4555	14	
4556	14	
4557	14	
4558	14	
4559	14	
4560	14	
4561	14	
4562	14	
4563	14	
4564	14	
4565	14	
4566	14	
4567	14	
4568	14	
4569	14	
4570	14	
4571	14	
4572	14	
4573	14	
4574	14	
4575	14	
4576	14	
4577	14	
4578	14	
4579	14	
4580	14	
4581	14	
4582	14	
4583	14	
4584	14	
4585	14	
4586	14	
4587	14	
4588	14	
4589	14	
4590	14	
4591	14	
4592	14	
4593	14	
4594	14	
4595	14	
4596	14	
4597	14	
4598	14	
4599	14	
4600	14	
4601	14	
4602	14	
4603	14	
4604	14	
4605	14	
4606	14	
4607	14	
4608	14	
4609	14	
4610	14	
4611	14	
4612	14	
4613	14	
4614	14	
4615	14	
4616	14	
4617	14	
4618	14	
4619	14	
4620	14	
4621	14	
4622	14	
4623	14	
4945	15	
4946	15	
4947	15	
4948	15	
4949	15	
4950	15	
4951	15	
4952	15	
4953	15	
4954	15	
4955	15	
4956	15	
4957	15	
4958	15	
4959	15	
4960	15	
4961	15	
4962	15	
4963	15	
4964	15	
4965	15	
4966	15	
4967	15	
4968	15	
4969	15	
4970	15	
4971	15	
4972	15	
4973	15	
4974	15	
4975	15	
4976	15	
4977	15	
4978	15	
4979	15	
4980	15	
4981	15	
4982	15	
4983	15	
4984	15	
4985	15	
4986	15	
4987	15	
4988	15	
4989	15	
4990	15	
4991	15	
4992	15	
4993	15	
4994	15	
4995	15	
4996	15	
4997	15	
4998	15	
4999	15	
5000	15	
5001	15	
5002	15	
5003	15	
5004	15	
5005	15	
5006	15	
5007	15	
5008	15	
5009	15	
5010	15	
5011	15	
5012	15	
5013	15	
5014	15	
5015	15	
5016	15	
5017	15	
5018	15	
5019	15	
5020	15	
5021	15	
5022	15	
5023	15	
5024	15	
5025	15	
5026	15	
5027	15	
5028	15	
5029	15	
5030	15	
5031	15	
5032	15	
5391	16	
5392	16	
5393	16	
5394	16	
5395	16	
5396	16	
5397	16	
5398	16	
5399	16	
5400	16	
5401	16	
5402	16	
5403	16	
5404	16	
5405	16	
5406	16	
5407	16	
5408	16	
5409	16	
5410	16	
5411	16	
5412	16	
5413	16	
5414	16	
5415	16	
5416	16	
5417	16	
5418	16	
5419	16	
5420	16	
5421	16	
5422	16	
5423	16	
5424	16	
5425	16	
5426	16	
5427	16	
5428	16	
5429	16	
5430	16	
5431	16	
5432	16	
5433	16	
5434	16	
5435	16	
5436	16	
5437	16	
5438	16	
5439	16	
5440	16	
5441	16	
5442	16	
5443	16	
5444	16	
5445	16	
5446	16	
5447	16	
5448	16	
5449	16	
5450	16	
5451	16	
5452	16	
5453	16	
5454	16	
5455	16	
5456	16	
5457	16	
5458	16	
5459	16	
5460	16	
5461	16	
5462	16	
5463	16	
5464	16	
5465	16	
5466	16	
5467	16	
5468	16	
5469	16	
5483	25	
5484	25	
5485	25	
5486	25	
5487	25	
5488	25	
5489	25	
5490	25	
5491	25	
5492	25	
5493	25	
5494	25	
5495	25	
5496	25	
5497	25	
5498	25	
5499	25	
5500	25	
5501	25	
5502	25	
5503	25	
5504	25	
5505	25	
5506	25	
5507	25	
5508	25	
5509	25	
5510	25	
5511	25	
5512	25	
5513	25	
5514	25	
5515	25	
5516	25	
5517	25	
6547	26	
6548	26	
6549	26	
6550	26	
6551	26	
6552	26	
6553	26	
6554	26	
6555	26	
6556	26	
6557	26	
6558	26	
7591	17	
7592	17	
7593	17	
7594	17	
7595	17	
7596	17	
7597	17	
7598	17	
7599	17	
7600	17	
7601	17	
7602	17	
7603	17	
7604	17	
7605	17	
7606	17	
7607	17	
7608	17	
7609	17	
7610	17	
7611	17	
7612	17	
7613	17	
7614	17	
7615	17	
7616	17	
7617	17	
7618	17	
7619	17	
7620	17	
7621	17	
7622	17	
7623	17	
7624	17	
7625	17	
7626	17	
7627	17	
7628	17	
7629	17	
7630	17	
7631	17	
7632	17	
7633	17	
7634	17	
7635	17	
7636	17	
7637	17	
7638	17	
7639	17	
7640	17	
7641	17	
7642	17	
7643	17	
7644	17	
7645	17	
7646	17	
7647	17	
7648	17	
7649	17	
7650	17	
7651	17	
7652	17	
7653	17	
7654	17	
7655	17	
7656	17	
7657	17	
7658	17	
7659	17	
7660	17	
7661	17	
7662	17	
7663	17	
7738	18	
7739	18	
7740	18	
7741	18	
7742	18	
7743	18	
7744	18	
7745	18	
7746	18	
7747	18	
7748	18	
7749	18	
7750	18	
7751	18	
7752	18	
7753	18	
7754	18	
7755	18	
7756	18	
7757	18	
7758	18	
7759	18	
7760	18	
7761	18	
7762	18	
7763	18	
7764	18	
7765	18	
7766	18	
7767	18	
7768	18	
7769	18	
7770	18	
7771	18	
7772	18	
7773	18	
7774	18	
7775	18	
7776	18	
7777	18	
7778	18	
7779	18	
7780	18	
7781	18	
7782	18	
7783	18	
7784	18	
7785	18	
7786	18	
7787	18	
7788	18	
7789	18	
7790	18	
7791	18	
7792	18	
7793	18	
7794	18	
7795	18	
8372	19	
8373	19	
8374	19	
8375	19	
8376	19	
8377	19	
8378	19	
8379	19	
8380	19	
8381	19	
8382	19	
8383	19	
8384	19	
8385	19	
8386	19	
8387	19	
8388	19	
8389	19	
8390	19	
8391	19	
8392	19	
8393	19	
8394	19	
8395	19	
8396	19	
8397	19	
8398	19	
8399	19	
8400	19	
8401	19	
8402	19	
8403	19	
8404	19	
8405	19	
8406	19	
8407	19	
8408	19	
8409	19	
8410	19	
8411	19	
8412	19	
8413	19	
8414	19	
8415	19	
8416	19	
8417	19	
8418	19	
8419	19	
8420	19	
8421	19	
8422	19	
8423	19	
8424	19	
8425	19	
8426	19	
8427	19	
8428	19	
8429	19	
8430	19	
8431	19	
8432	19	
8433	19	
8434	19	
8435	19	
8436	19	
8437	19	
8438	19	
8439	19	
8440	19	
8441	19	
8442	19	
8443	19	
8444	19	
8445	19	
8446	19	
8447	19	
8448	19	
8449	19	
8450	19	
8451	19	
8452	19	
8537	20	
8538	20	
8539	20	
8540	20	
8541	20	
8542	20	
8543	20	
8544	20	
8545	20	
8546	20	
8547	20	
8548	20	
8549	20	
8550	20	
8551	20	
8552	20	
8553	20	
8554	20	
8555	20	
8556	20	
8557	20	
8558	20	
8559	20	
8560	20	
8561	20	
8562	20	
8563	20	
8564	20	
8565	20	
8566	20	
8567	20	
8568	20	
8569	20	
8570	20	
8571	20	
8572	20	
8573	20	
8574	20	
8575	20	
8576	20	
8577	20	
8578	20	
8579	20	
8580	20	
8581	20	
8582	20	
8583	20	
8584	20	
8585	20	
8586	20	
8587	20	
8588	20	
8589	20	
8590	20	
8591	20	
8592	20	
8593	20	
8594	20	
8595	20	
8596	20	
8597	20	
8598	20	
8599	20	
8600	20	
8601	20	
8602	20	
8603	20	
8604	20	
8605	20	
8606	20	
8607	20	
8608	20	
8609	20	
8610	20	
8611	20	
8612	20	
8613	20	
8614	20	
8615	20	
8616	20	
8617	20	
8618	20	
8619	20	
8620	20	
8621	20	
8622	20	
8623	20	
8624	20	
8625	20	
8626	20	
8627	20	
8628	20	
8629	20	
8630	20	
8631	20	
8632	20	
8633	20	
8634	20	
8635	20	
8636	20	
8637	20	
8638	20	
8639	20	
8855	21	
8856	21	
8857	21	
8858	21	
8859	21	
8860	21	
8861	21	
8862	21	
8863	21	
8864	21	
8865	21	
8866	21	
8867	21	
8868	21	
8869	21	
8870	21	
8871	21	
8872	21	
8873	21	
8874	21	
8875	21	
8876	21	
8877	21	
8878	21	
8879	21	
8880	21	
8881	21	
8882	21	
8883	21	
8884	21	
8885	21	
8886	21	
8887	21	
8888	21	
8889	21	
8890	21	
8891	21	
8892	21	
8893	21	
8894	21	
8895	21	
8896	21	
8897	21	
8898	21	
8899	21	
8900	21	
8901	21	
8902	21	
8903	21	
8904	21	
8905	21	
8906	21	
8907	21	
8908	21	
8909	21	
8910	21	
8911	21	
8912	21	
8913	21	
8914	21	
8915	21	
8916	21	
8917	21	
8918	21	
8919	21	
8920	21	
8921	21	
8922	21	
8923	21	
8924	21	
8925	21	
8926	21	
8927	21	
8928	21	
8929	21	
8930	21	
8931	21	
8932	21	
8933	21	
8934	21	
8935	21	
8936	21	
8937	21	
8938	21	
8939	21	
8940	21	
8941	21	
8942	21	
8943	21	
8944	21	
8945	21	
8946	21	
8947	21	
8948	21	
8949	21	
8950	21	
8951	21	
8952	21	
8953	21	
8954	21	
8955	21	
8956	21	
8957	21	
8958	21	
8959	21	
8960	21	
8961	21	
8962	21	
8963	21	
8964	21	
8965	21	
8966	21	
8967	21	
8968	21	
8969	21	
8970	21	
8971	21	
8972	21	
8973	21	
8974	21	
8975	21	
8976	21	
8977	21	
8978	21	
8979	21	
8980	21	
8981	21	
8982	21	
8983	21	
8984	21	
8985	21	
8986	21	
8987	21	
8988	21	
8989	21	
8990	21	
8991	21	
8992	21	
8993	21	
8994	21	
8995	21	
8996	21	
8997	21	
8998	21	
8999	21	
