#Ignore first line. Each line has frame idx with variable number of Object IDS.
12	1	
13	1	2	
14	1	2	
15	1	2	
16	1	2	
17	1	2	
18	1	2	
19	1	2	
20	1	2	
21	1	2	
22	1	2	
23	1	2	
24	1	2	
25	1	2	
26	1	2	
27	1	2	
28	1	2	
29	1	2	
30	1	2	
31	1	2	
32	1	2	
33	1	2	
34	1	2	
35	1	2	
36	1	2	
37	1	2	
38	2	
39	2	
40	2	
41	2	
42	2	
43	2	
44	2	
45	2	
46	2	
47	2	
48	2	
49	2	
50	2	
51	2	
52	2	
53	2	
54	2	
55	2	
56	2	
57	2	
58	2	
216	3	
217	3	
218	3	
219	3	
220	3	
221	3	
222	3	
223	3	
224	3	
225	3	
226	3	
227	3	
228	3	
229	3	
230	3	
231	3	
232	3	
233	3	
234	3	
235	3	
236	3	
237	3	
340	4	
341	4	
342	4	
343	4	
344	4	
345	4	
346	4	
347	4	
348	4	
349	4	
350	4	
351	4	
352	4	
353	4	
354	4	
355	4	
356	4	
357	4	
358	4	
359	4	
451	5	
452	5	
453	5	
454	5	
455	5	
456	5	
457	5	
458	5	
459	5	
460	5	
461	5	
462	5	
463	5	
464	5	
465	5	
466	5	
467	5	
468	5	
469	5	
470	5	
471	5	
1180	6	
1181	6	
1182	6	
1183	6	
1184	6	
1185	6	
1186	6	
1187	6	
1188	6	
1189	6	
1190	6	
1191	6	
1192	6	
1193	6	
1194	6	
1195	6	
1196	6	
1197	6	
1198	6	
1199	6	
1200	6	
1201	6	
1350	7	
1351	7	
1352	7	
1353	7	
1354	7	
1355	7	
1356	7	
1357	7	
1358	7	
1359	7	
1360	7	
1361	7	
1362	7	
1363	7	
1364	7	
1365	7	
1366	7	
1367	7	
1368	7	
1369	7	
1370	7	
1371	7	
1372	7	
1373	7	
1374	7	
1375	7	
1376	7	
1377	7	
1378	7	
1379	7	
1380	7	
1381	7	
1382	7	
1383	7	
1384	7	
1385	7	
1386	7	
1387	7	
1388	7	
1389	7	
1390	7	
1391	7	
1392	7	
1393	7	
1394	7	
1395	7	
1396	7	
1688	8	
1689	8	
1690	8	
1691	8	
1692	8	
1693	8	
1694	8	
1695	8	
1696	8	
1697	8	
1698	8	
1699	8	
1700	8	
1701	8	
1702	8	
1703	8	
1704	8	
1705	8	
1706	8	
1707	8	
1708	8	
1709	8	
1710	8	
1821	9	
1822	9	
1823	9	
1824	9	
1825	9	
1826	9	
1827	9	10	
1828	9	10	
1829	9	10	
1830	9	10	
1831	9	10	
1832	9	10	
1833	9	10	
1834	9	10	
1835	9	10	
1836	9	10	
1837	9	10	
1838	9	10	
1839	9	10	
1840	9	10	
1841	9	10	
1842	9	10	
1843	9	10	
1844	9	10	
1845	9	
1846	9	
1847	9	
1848	9	
1849	9	
1850	9	
1851	9	
1852	9	
1853	9	
1854	9	
1855	9	
1887	11	
1888	11	
1889	11	
1890	11	
1891	11	
1892	11	
1893	11	
1894	11	
1895	11	
1896	11	
1897	11	
1898	11	
1899	11	
1900	11	
1901	11	
1902	11	
1903	11	
1904	11	
1905	11	
1906	11	
1907	11	
1908	11	
1986	12	
1987	12	
1988	12	
1989	12	
1990	12	
1991	12	
1992	12	
1993	12	
1994	12	
1995	12	
1996	12	
1997	12	
1998	12	
1999	12	
2000	12	
2001	12	
2002	12	
2003	12	
2004	12	
2005	12	
2006	12	
2007	12	
2008	12	
2009	12	
2010	12	
2011	12	
2012	12	
2013	12	
2014	12	
2015	12	
2016	12	
2017	12	
2018	12	
2019	12	
2020	12	
2021	12	
2022	12	
2023	12	
2024	12	
2025	12	
2026	12	
2027	12	
2028	12	
2029	12	
2030	12	
2031	12	
2032	12	
2033	12	
2034	12	
2035	12	
2036	12	
2037	12	
2038	12	
2039	12	
2226	13	
2227	13	
2228	13	
2229	13	
2230	13	
2231	13	
2232	13	
2233	13	
2234	13	
2235	13	
2236	13	
2237	13	
2238	13	
2239	13	
2240	13	
2241	13	
2242	13	
2243	13	
2244	13	
2245	13	
2246	13	
2247	13	
2248	13	
2249	13	
2250	13	
2251	13	
2252	13	
2253	13	
2254	13	
2255	13	
2256	13	
2257	13	
2258	13	
2259	13	
2260	13	
2261	13	
2262	13	
2263	13	
2264	13	
2265	13	
2344	14	
2345	14	
2346	14	
2347	14	
2348	14	
2349	14	
2350	14	
2351	14	
2352	14	
2353	14	
2354	14	
2355	14	
2356	14	
2357	14	
2358	14	
2359	14	
2360	14	
2361	14	
2362	14	
2363	14	
2364	14	
2365	14	
2366	14	
2367	14	
2531	15	
2532	15	
2533	15	
2534	15	
2535	15	
2536	15	
2537	15	
2538	15	
2539	15	
2540	15	
2541	15	
2542	15	
2543	15	
2544	15	
2545	15	
2546	15	
2547	15	
2548	15	
2549	15	
2550	15	
2551	15	
2713	16	
2714	16	
2715	16	
2716	16	
2717	16	
2718	16	
2719	16	
2720	16	
2721	16	
2722	16	
2723	16	
2724	16	
2725	16	
2726	16	
2727	16	
2728	16	
2729	16	
2730	16	
2731	16	
2732	16	
2733	16	
2734	16	
2735	16	
2736	16	
2737	16	18	
2738	16	18	
2739	16	18	
2740	16	18	
2741	16	18	
2742	16	18	
2743	16	18	
2744	16	18	
2745	16	18	
2746	16	18	
2747	16	18	
2748	16	18	
2749	16	17	18	
2750	16	17	18	
2751	16	17	18	
2752	16	17	18	
2753	16	17	18	
2754	16	17	18	
2755	16	17	18	
2756	16	17	18	
2757	16	17	18	
2758	16	17	18	
2759	17	18	
2760	17	18	
2761	17	18	
2762	17	18	
2763	17	
2764	17	
2765	17	
2766	17	19	
2767	17	19	
2768	17	19	
2769	17	19	
2770	17	19	
2771	17	19	
2772	17	19	
2773	17	19	
2774	17	19	
2775	17	19	
2776	17	19	
2777	17	19	
2778	17	19	
2779	17	19	
2780	17	19	
2781	17	19	
2782	17	19	
2783	17	19	
2784	17	19	
2785	17	19	
2786	17	19	
2787	17	19	
2788	17	19	
2789	17	19	
2790	17	19	
2791	17	19	
2792	17	19	
2793	17	19	
2794	17	19	
2795	17	19	
2796	17	19	
2797	17	19	
2798	17	19	
2799	17	19	
2800	17	19	
2801	17	19	
2802	17	19	
2803	17	19	
2804	17	19	
2805	17	19	
2806	17	19	
2807	17	19	
2808	17	19	
2809	17	19	
2810	19	
2811	19	
2812	19	
2813	19	
2814	19	
2815	19	
3308	20	
3309	20	
3310	20	
3311	20	
3312	20	
3313	20	
3314	20	
3315	20	
3316	20	
3317	20	
3318	20	
3319	20	
3320	20	
3321	20	
3322	20	
3323	20	
3324	20	
3325	20	
3326	20	
3327	20	
3328	20	
3390	21	
3391	21	
3392	21	
3393	21	
3394	21	
3395	21	
3396	21	
3397	21	
3398	21	
3399	21	
3400	21	
3401	21	
3402	21	
3403	21	
3404	21	
3405	21	
3471	22	
3472	22	
3473	22	
3474	22	
3475	22	
3476	22	
3477	22	
3478	22	
3479	22	
3480	22	
3481	22	
3482	22	
3483	22	
3484	22	
3485	22	
3486	22	
3487	22	
3488	22	
3489	22	
3490	22	
3491	22	
3492	22	
3493	22	
3494	22	
3495	22	
3496	22	
3603	23	
3604	23	
3605	23	
3606	23	
3607	23	
3608	23	
3609	23	
3610	23	
3611	23	
3612	23	
3613	23	
3614	23	
3615	23	
3616	23	
3617	23	
3618	23	
3619	23	
3620	23	
3621	23	
3622	23	
3623	23	
3624	23	
3625	23	
3626	23	
3627	23	
3628	23	
3629	23	
3630	23	
3631	23	
3632	23	
3633	23	
3634	23	
3635	23	
3636	23	
3637	23	
3638	23	
3639	23	
3640	23	
3641	23	
3642	23	
3643	23	
3644	23	
3645	23	
3646	23	
3647	23	
3648	23	
3649	23	
3650	23	
3651	23	
3652	23	
3653	23	
3654	23	
3655	23	
3656	23	
3657	23	
4061	24	
4062	24	
4063	24	
4064	24	
4065	24	
4066	24	
4067	24	
4068	24	
4069	24	
4070	24	
4071	24	
4072	24	
4073	24	
4074	24	
4075	24	
4076	24	
4077	24	
4078	24	
4079	24	
4080	24	
4081	24	
4324	25	
4325	25	
4326	25	
4327	25	
4328	25	
4329	25	
4330	25	
4331	25	
4332	25	
4333	25	
4334	25	
4335	25	
4336	25	
4337	25	
4338	25	
4339	25	
4340	25	
4341	25	
4342	25	
4343	25	
4344	25	
4345	25	
4346	25	
4795	26	
4796	26	
4797	26	
4798	26	
4799	26	
4800	26	
4801	26	
4802	26	
4803	26	
4804	26	
4805	26	
4806	26	
4807	26	
4808	26	
4809	26	
4810	26	
4811	26	
4812	26	
4813	26	
4814	26	
4815	26	
4816	26	
4817	26	
4818	26	
4819	26	
4820	26	
4821	26	
4822	26	
4823	26	
4824	26	
4825	26	
4826	26	
4827	26	
4828	26	
4829	26	
4830	26	
4831	26	
4832	26	
4833	26	
4834	26	
4835	26	
4836	26	
4837	26	
4838	26	
4839	26	
4840	26	
4841	26	
4842	26	
4843	26	
4844	26	
4845	26	
4846	26	
4847	26	
4904	27	
4905	27	
4906	27	
4907	27	
4908	27	
4909	27	
4910	27	
4911	27	
4912	27	
4913	27	
4914	27	
4915	27	
4916	27	
4917	27	
4918	27	
4919	27	
4920	27	
4921	27	
4922	27	
4923	27	
4924	27	
4925	27	
4926	27	
4927	27	
4928	27	
4929	27	
4930	27	
4931	27	
4932	27	
4933	27	
4934	27	
4935	27	
4936	27	
4937	27	
4938	27	
4939	27	
4940	27	28	
4941	27	28	
4942	28	
4943	28	
4944	28	
4945	28	
4946	28	
4947	28	
4948	28	
4949	28	
4950	28	
4951	28	
4952	28	
4953	28	
4954	28	
4955	28	
4956	28	
4957	28	
4958	28	
4959	28	
5027	29	
5028	29	
5029	29	
5030	29	
5031	29	
5032	29	
5033	29	
5034	29	
5035	29	
5036	29	
5037	29	
5038	29	
5663	30	
5664	30	
5665	30	
5666	30	
5667	30	
5668	30	
5669	30	
5670	30	
5671	30	
5672	30	
5673	30	
5674	30	
5675	30	
5676	30	
5677	30	
5678	30	
5679	30	
5680	30	
5859	31	
5860	31	
5861	31	
5862	31	
5863	31	
5864	31	
5865	31	
5866	31	
5867	31	
5868	31	
5869	31	
5870	31	
5871	31	
5872	31	
5873	31	
5874	31	
5875	31	
5876	31	
5877	31	
5878	31	
5879	31	
5880	31	
5881	31	
5882	31	
5883	31	
5884	31	
5885	31	
5886	31	
5887	31	
5888	31	
5889	31	
5890	31	
5891	31	
5892	31	
5893	31	
5894	31	
5895	31	
5896	31	
5897	31	
5898	31	
5899	31	
5900	31	
5901	31	
5902	31	
5903	31	
5904	31	
5905	31	
5906	31	
5907	31	
5908	31	
5909	31	
5969	32	
5970	32	
5971	32	
5972	32	
5973	32	
5974	32	
5975	32	
5976	32	
5977	32	
5978	32	
5979	32	
5980	32	
5981	32	
5982	32	
5983	32	
5984	32	
5985	32	
5986	32	
5987	32	
5988	32	
5989	32	
5990	32	
5991	32	
5992	32	
5993	32	
5994	32	
5995	32	
5996	32	
5997	32	
5998	32	
5999	32	
6000	32	
6001	32	
6002	32	
6003	32	
6004	32	
6005	32	
6006	32	
6007	32	
6008	32	
6009	32	
6010	32	
6011	32	
6012	32	
6013	32	
6014	32	
6015	32	
6016	32	
6017	32	
6018	32	
6019	32	
6020	32	
6021	32	
6022	32	
6023	32	
6024	32	
6025	32	
6026	32	
6027	32	
6028	32	
6029	32	
6030	32	
6031	32	
6034	33	
6035	33	
6036	33	
6037	33	
6038	33	
6039	33	
6040	33	
6041	33	
6042	33	
6043	33	
6044	33	
6045	33	
6046	33	
6047	33	
6048	33	
6049	33	
6050	33	
6051	33	
6052	33	
6053	33	
6054	33	
6055	33	
6056	33	
6057	33	
6058	33	
6059	33	
6060	33	
6061	33	
6062	33	
6063	33	
6064	33	
6065	33	
6066	33	
6067	33	
6068	33	
6069	33	
6070	33	
6071	33	
6072	33	
6073	33	
6074	33	
6075	33	
6076	33	
6077	33	
6078	33	
6079	33	
6080	33	
6081	33	
6082	33	34	
6083	33	34	
6084	33	34	
6085	33	34	
6086	33	34	
6087	33	34	
6088	33	34	
6089	33	34	
6090	33	34	
6091	33	34	
6092	33	34	
6093	33	34	
6094	33	34	
6095	33	34	
6096	33	34	
6097	33	34	
6098	33	34	
6099	33	34	
6100	33	34	
6101	33	34	
6102	33	34	
6103	34	
6104	34	
6105	34	
6106	34	
6107	34	
6108	34	
6109	34	
6110	34	
6111	34	
6112	34	
6113	34	
6114	34	
6115	34	
6116	34	
6117	34	
6118	34	
6119	34	
6120	34	
6121	34	
6122	34	
6123	34	
6124	34	
6125	34	
6126	34	
6127	34	
6128	34	
6129	34	
6130	34	
6131	34	
6132	34	
6133	34	
6134	34	
6135	34	
6136	34	
6137	34	
6138	34	
6139	34	
6140	34	
6141	34	
6142	34	
6143	34	
6144	34	
6145	34	
6146	34	
6521	35	
6522	35	
6523	35	
6524	35	
6525	35	
6526	35	
6527	35	
6528	35	
6529	35	
6530	35	
6531	35	
6532	35	
6533	35	
6534	35	
6535	35	
6536	35	
6537	35	
6538	35	
6539	35	
6540	35	
6541	35	
6542	35	
6543	35	
6544	35	
7163	36	
7164	36	
7165	36	
7166	36	
7167	36	
7168	36	
7169	36	
7170	36	
7171	36	
7172	36	
7173	36	
7174	36	
7175	36	
7176	36	
7177	36	
7178	36	
7179	36	
7180	36	
7181	36	
7182	36	
7183	36	
7184	36	
7185	36	
7186	36	
7187	36	
7188	36	
7189	36	
7190	36	
7191	36	
7192	36	
7193	36	
7194	36	
7195	36	
7196	36	
7197	36	
7198	36	
7199	36	
7200	36	
7201	36	
7202	36	
7203	36	
7204	36	
7205	36	
7206	36	
7207	36	
7208	36	
7209	36	
7210	36	
7211	36	
7266	37	
7267	37	
7268	37	
7269	37	
7270	37	
7271	37	
7272	37	
7273	37	
7274	37	
7275	37	
7276	37	
7277	37	
7278	37	
7279	37	
7625	38	
7626	38	
7627	38	
7628	38	
7629	38	
7630	38	
7631	38	
7632	38	
7633	38	
7634	38	
7635	38	
7636	38	
7637	38	
7638	38	
7639	38	
7640	38	
7641	38	
7642	38	
7643	38	
7644	38	
7645	38	
7646	38	
7647	38	
7648	38	
7649	38	
7650	38	
7651	38	
7652	38	
7653	38	
7654	38	
7655	38	
7656	38	
7657	38	
7658	38	
7659	38	
7660	38	
7661	38	
7662	38	
7663	38	
7664	38	
7665	38	
7666	38	
7667	38	
7668	38	
7711	39	
7712	39	
7713	39	
7714	39	
7715	39	
7716	39	
7717	39	
7718	39	
7719	39	
7720	39	
7721	39	
7722	39	
7723	39	
7724	39	
7725	39	
7726	39	
7727	39	
7728	39	
7729	39	
7730	39	
7731	39	
7732	39	
7733	39	
7734	39	
7735	39	
7736	39	
7737	39	
7738	39	
7739	39	
7740	39	
7741	39	
7742	39	
7743	39	
7744	39	
7745	39	
7746	39	
7747	39	
7748	39	
7749	39	
7750	39	
7751	39	
7752	39	
7753	39	
7754	39	
7755	39	
7756	39	
7757	39	
7758	39	
7759	39	
7760	39	
7761	39	
7762	39	
8168	40	
8169	40	
8170	40	
8171	40	
8172	40	
8173	40	
8174	40	
8175	40	
8176	40	
8177	40	
8178	40	
8179	40	
8180	40	
8181	40	
8182	40	
8183	40	
8184	40	
8185	40	
8186	40	
8187	40	
8188	40	
8874	41	
8875	41	
8876	41	
8877	41	
8878	41	
8879	41	
8880	41	
8881	41	
8882	41	
8883	41	
8884	41	
8885	41	
8886	41	
8887	41	
8888	41	
8889	41	
8890	41	
8891	41	
