#Ignore first line. Each line has frame idx with variable number of Object IDS.
98	1
196	1
223	2
226	2
245	2
246	2
247	2
248	2
249	2
250	2
251	2
252	2
253	2
254	2
255	2
257	2
258	2
259	2
260	2
261	2   3
262	2   3
263	2   3
264	2   3
265	2   3
266	2   3
267	2   3
272	2
274	2
276	2
277	2
278	2
279	2
280	2
281	2
282	2
283	2
284	2
285	2
286	2
287	2
288	2
289	2
290	2
291	2
292	2
309	3
317	3
388 4	
389 4	
393 4	
394 4	
395 4	
396 4	
397 4	
398 4	
414 4	
415 4	
416 4	
417 4	
418 4	
419 4	
420 4	
421 4	
422 4	
423 4	
424 4	
425 4	
426 4	
427 4	
428 4	
429 4	
430 4	
431 4	
432 4	
433 4	
434 4	
435 4	
436 4	
437 4	
438 4	
439 4	
440 4	
441 4	
442 4	
443 4	
444 4	
445 4	
446 4	
447 4	
448 4	
449 4	
450 4	
451 4	
452 4	
453 4	
454 4	
455 4	
456 4	
457 4	
458 4	
459 4	
460 4	
461 4	
462 4	
463 4	
464 4	
465 4	
466 4	
467 4	
468 4	
469 4	
470 4	
471 4	
472 4	
542	5
805	6
806	6
881 7	
882 7	
883 7	
884 7	
885 7	
886 7	
887 7	
888 7	
889 7	
890 7	
891 7	
892 7	
893 7	
894 7	
895 7	
896 7	
897 7	
898 7	
899 7	
900 7	
