#Ignore first line. Each line has frame idx with variable number of Object IDS.
1	1	
2	1	
3	1	
4	1	
5	1	
6	1	
7	1	
8	1	
9	1	
10	1	
11	1	
12	1	
13	1	
14	1	
15	1	
16	1	
17	1	
18	1	
19	1	
20	1	
21	1	
22	1	
23	1	
24	1	
25	1	
26	1	
27	1	
28	1	
29	1	
30	1	
31	1	
32	1	2	
33	1	2	
34	1	2	
35	1	2	
36	1	2	
37	1	2	
38	1	2	
39	1	2	
40	1	2	
41	1	2	
42	1	2	
43	1	2	
44	1	2	
45	1	2	
46	1	2	
47	1	2	
48	1	2	
49	1	2	
50	1	2	
51	1	2	
52	1	2	
53	1	2	
54	1	2	
55	1	2	
56	1	2	
57	1	2	
58	1	2	
59	2	
60	2	
61	2	
62	2	
63	2	
64	2	
65	2	
66	2	
67	2	
68	2	
69	2	
70	2	
71	2	
72	2	
73	2	
74	2	
75	2	
76	2	
77	2	
78	2	
79	2	
80	2	
81	2	
82	2	
83	2	
460	3	
461	3	
462	3	
463	3	
464	3	
465	3	
466	3	
467	3	
468	3	
469	3	
470	3	
471	3	
472	3	
473	3	
474	3	
475	3	
476	3	
477	3	
478	3	
479	3	
480	3	
481	3	
661	4	
662	4	
663	4	
664	4	
665	4	
666	4	
667	4	
668	4	
669	4	
670	4	
671	4	
672	4	
673	4	
674	4	
675	4	
676	4	
677	4	
678	4	
679	4	
680	4	
681	4	5	
682	4	5	
683	4	5	
684	4	5	
685	4	5	
686	4	5	
687	4	5	
688	4	5	
689	4	5	
690	5	
691	5	
692	5	
693	5	
694	5	
695	5	
696	5	
697	5	
698	5	
699	5	
700	5	
701	5	
702	5	
703	5	
704	5	
705	5	
800	6	
801	6	
802	6	
803	6	
804	6	
805	6	
806	6	
807	6	
808	6	
809	6	
810	6	
811	6	
812	6	
813	6	
814	6	
815	6	
816	6	
817	6	
818	6	
819	6	
820	6	
821	6	
822	6	
823	6	
824	6	
825	6	
826	6	
827	6	
828	6	
829	6	
830	6	
831	6	
832	6	
833	6	
834	6	
835	6	
836	6	
837	6	7	
838	6	7	
839	6	7	
840	6	7	
841	6	7	
842	6	7	
843	6	7	
844	6	7	
845	6	7	
846	6	7	
847	6	7	
848	6	7	
849	6	7	8	
850	6	7	8	
851	6	7	8	
852	6	7	8	
853	6	7	8	
854	6	7	8	
855	6	7	8	
856	6	7	8	
857	6	7	8	
858	6	7	8	
859	6	7	8	
860	7	8	
861	7	8	
862	7	8	
863	7	8	
864	7	8	
865	7	8	
866	7	8	
867	7	8	
868	7	8	
869	7	8	
870	7	8	
871	8	
872	8	
873	8	
874	8	
875	8	
876	8	
877	8	
878	8	
879	8	
880	8	
881	8	
882	8	
883	8	
1241	9	
1242	9	
1243	9	
1244	9	
1245	9	
1246	9	
1247	9	
1248	9	
1249	9	
1250	9	
1251	9	
1252	9	
1253	9	
1254	9	
1255	9	
1256	9	
1257	9	
1258	9	
1259	9	
1260	9	
1261	9	
1262	9	
1263	9	
1264	9	
1265	9	
1266	9	
1267	9	
1268	9	
1269	9	
1270	9	
1271	9	
1272	9	
1273	9	
1274	9	
1275	9	
1276	9	
1277	9	
1278	9	
1279	9	
1280	9	
1281	9	
1282	9	
1283	9	
1284	9	
1285	9	
1286	9	
1287	9	
1288	9	
1289	9	
1290	9	
1309	10	
1310	10	
1311	10	
1312	10	
1313	10	
1314	10	
1315	10	
1316	10	
1317	10	
1318	10	
1319	10	
1320	10	
1321	10	
1322	10	
1323	10	
1324	10	
1325	10	
1326	10	
1327	10	
1328	10	
1329	10	
1330	10	
1331	10	
1332	10	
1333	10	
1334	10	
1335	10	
1336	10	
1337	10	
1338	10	
1339	10	
1340	10	
1341	10	
1342	10	
1343	10	
1344	10	
1363	11	
1364	11	
1365	11	
1366	11	
1367	11	
1368	11	
1369	11	
1370	11	
1371	11	
1372	11	
1373	11	
1374	11	
1375	11	
1376	11	
1377	11	
1378	11	
1379	11	
1380	11	
1381	11	
1382	11	
1383	11	
1384	11	
1385	11	
1386	11	
1387	11	
1388	11	
1389	11	
1390	11	
1391	11	
1392	11	
1393	11	
1394	11	
1395	11	
1489	12	
1490	12	
1491	12	
1492	12	
1493	12	
1494	12	
1495	12	
1496	12	
1497	12	
1498	12	
1499	12	
1500	12	
1501	12	
1502	12	
1503	12	
1504	12	
1505	12	
1506	12	
1507	12	
1508	12	
1509	12	
1510	12	
1511	12	
1512	12	
1513	12	
1514	12	
1515	12	
1516	12	
1517	12	
1518	12	
1519	12	
1520	12	
1521	12	
1522	12	
1523	12	
1524	12	
1525	12	
1526	12	
1527	12	
1528	12	
1529	12	
1530	12	
1531	12	
1532	12	
1533	12	
1534	12	
1535	12	
1536	12	
1537	12	
1538	12	
1539	12	
1616	13	
1617	13	
1618	13	
1619	13	
1620	13	
1621	13	
1622	13	
1623	13	
1624	13	
1625	13	
1626	13	
1627	13	
1628	13	
1629	13	
1630	13	
1631	13	
1632	13	
1633	13	
1634	13	
1635	13	
1636	13	
1637	13	
1638	13	
1639	13	
1640	13	
1641	13	
1642	13	
1643	13	
1644	13	
1645	13	
1646	13	
1647	13	
1648	13	
1649	13	
1650	13	
1651	13	
2055	14	
2056	14	
2057	14	
2058	14	
2059	14	
2060	14	
2061	14	
2062	14	
2063	14	
2064	14	
2065	14	
2066	14	
2067	14	
2068	14	
2069	14	
2070	14	
2071	14	
2072	14	
2073	14	
2074	14	
2447	15	
2448	15	
2449	15	
2450	15	
2451	15	
2452	15	
2453	15	
2454	15	
2455	15	
2456	15	
2457	15	
2458	15	
2459	15	
2460	15	
2461	15	
2462	15	
2463	15	
2464	15	
2465	15	
2466	15	
2467	15	
2468	15	
2469	15	
2470	15	
2471	15	
2472	15	
2473	15	
2474	15	
2475	15	
2476	15	
2477	15	
2478	15	
2479	15	
2480	15	
2481	15	
2482	15	
2483	15	
2484	15	
2622	16	
2623	16	
2624	16	
2625	16	
2626	16	
2627	16	
2628	16	
2629	16	
2630	16	
2631	16	
2632	16	
2633	16	
2634	16	
2635	16	
2636	16	
2637	16	
2638	16	
2639	16	
2640	16	
2641	16	
2642	16	
2643	16	
2644	16	
2836	17	
2837	17	
2838	17	
2839	17	
2840	17	
2841	17	
2842	17	
2843	17	
2844	17	
2845	17	
2846	17	
2847	17	
2848	17	
2849	17	
2850	17	
2851	17	
2852	17	
2853	17	
2854	17	
2855	17	
2856	17	
2857	17	
2858	17	
2859	17	
2860	17	
2861	17	
2862	17	
2863	17	
2864	17	
2865	17	
3208	18	
3209	18	
3210	18	
3211	18	
3212	18	
3213	18	
3214	18	
3215	18	
3216	18	
3217	18	
3218	18	
3219	18	
3220	18	
3221	18	
3222	18	
3223	18	
3224	18	
3225	18	
3226	18	
3227	18	
3228	18	
3229	18	
3230	18	
3231	18	
3232	18	
3233	18	
3234	18	
3235	18	
3262	19	
3263	19	
3264	19	
3265	19	
3266	19	
3267	19	
3268	19	
3269	19	
3270	19	
3271	19	
3272	19	
3273	19	
3274	19	
3275	19	
3276	19	
3277	19	
3278	19	
3279	19	
3280	19	
3281	19	
3282	19	
3283	19	
3284	19	
3285	19	
3286	19	
3287	19	
3288	19	
3289	19	
3290	19	
3291	19	
3292	19	
3293	19	
3294	19	
3295	19	
3296	19	
3297	19	
3298	19	
3299	19	
3300	19	
3301	19	
3302	19	
3303	19	
3304	19	
3305	19	
3306	19	
3307	19	
3308	19	
3309	19	
3310	19	
3311	19	
3312	19	
3313	19	
3314	19	
3315	19	
3316	19	
3317	19	
3318	19	
3319	19	
3320	19	
3321	19	
3322	19	
3323	19	
3324	19	
3325	19	
3326	19	
3327	19	
3328	19	
3329	19	
3330	19	
3616	20	
3617	20	
3618	20	
3619	20	
3620	20	
3621	20	
3622	20	
3623	20	
3624	20	
3625	20	
3626	20	
3627	20	
3628	20	
3629	20	
3673	21	
3674	21	
3675	21	
3676	21	
3677	21	
3678	21	
3679	21	
3680	21	
3681	21	
3682	21	
3683	21	
3684	21	
3685	21	
3686	21	
3687	21	
3688	21	
3689	21	
3690	21	
3691	21	
3692	21	
3693	21	
3694	21	
3695	21	
3696	21	
3697	21	
3698	21	
3699	21	
3700	21	
3701	21	
3702	21	
3703	21	
3704	21	
3705	21	
3706	21	
3707	21	
3708	21	
3709	21	
3710	21	
3711	21	
3712	21	
3713	21	
3714	21	
3715	21	
3716	21	
3717	21	
3718	21	
3719	21	
4037	22	
4038	22	
4039	22	
4040	22	
4041	22	
4042	22	
4043	22	
4044	22	
4045	22	
4046	22	
4047	22	
4048	22	
4049	22	
4050	22	
4051	22	
4052	22	
4053	22	
4054	22	
4055	22	
4056	22	
4057	22	
4058	22	
4059	22	
4060	22	23	
4061	22	23	
4062	22	23	
4063	22	23	
4064	22	23	
4065	22	23	
4066	22	23	
4067	22	23	
4068	22	23	
4069	23	
4070	23	
4071	23	
4072	23	
4073	23	
4074	23	
4075	23	
4076	23	
4077	23	
4078	23	
4079	23	
4080	23	
4081	23	
4082	23	
4083	23	
4084	23	
4085	23	
4086	23	
4087	23	
4088	23	
4089	23	
4090	23	
4091	23	
4092	23	
4093	23	
4094	23	
4095	23	
4096	23	
4097	23	
4098	23	
4150	24	
4151	24	
4152	24	
4153	24	
4154	24	
4155	24	
4156	24	
4157	24	
4158	24	
4159	24	
4160	24	
4161	24	
4162	24	
4163	24	
4164	24	
4165	24	
4166	24	
4167	24	
4168	24	
4169	24	25	
4170	24	25	
4171	24	25	
4172	24	25	
4173	24	25	
4174	24	25	
4175	24	25	
4176	24	25	
4177	24	25	
4178	24	25	
4179	24	25	
4180	24	25	
4181	24	25	
4182	24	25	
4183	24	25	
4184	24	25	
4185	24	25	
4186	24	25	
4187	24	25	
4188	24	25	
4189	24	25	
4190	24	25	
4191	24	25	
4192	24	25	
4193	24	25	
4194	24	25	
4195	24	
4196	24	
4197	24	
4198	24	
4199	24	
4200	24	
4201	24	
4202	24	
4203	24	
4204	24	
4205	24	
4206	24	
4207	24	
4208	24	
4209	24	
4210	24	
4211	24	
4212	24	
4213	24	
4214	24	
4215	24	
4216	24	
4217	24	
4218	24	
4219	24	
4220	24	
4221	24	
4222	24	
4223	24	
4224	24	26	
4225	24	26	
4226	24	26	
4227	24	26	
4228	24	26	
4229	26	
4230	26	
4231	26	
4232	26	
4233	26	
4234	26	
4235	26	
4236	26	
4237	26	
4238	26	
4239	26	
4240	26	
4241	26	
4242	26	
4243	26	
4244	26	
4245	26	
4246	26	
4247	26	
4248	26	
4249	26	
4250	26	
4251	26	
4252	26	
4253	26	
4254	26	
4255	26	
4256	26	
4257	26	
4258	26	
4259	26	
4260	26	
4261	26	
4262	26	
4263	26	
4264	26	
4265	26	
4266	26	
4267	26	
4268	26	
4269	26	
4270	26	
4271	26	
4272	26	
4273	26	
4274	26	
4275	26	
4276	26	
4277	26	
4278	26	
4279	26	
4280	26	
4281	26	
4437	27	
4438	27	
4439	27	
4440	27	
4441	27	
4442	27	
4443	27	
4444	27	
4445	27	
4446	27	
4447	27	
4448	27	
4449	27	
4450	27	
4451	27	
4452	27	
4453	27	
4454	27	
4455	27	
4456	27	
4457	27	
4458	27	
4459	27	
4460	27	
4461	27	
4462	27	
4463	27	
4464	27	
4465	27	
4466	27	
4467	27	
4468	27	
4469	27	
4470	27	
4471	27	
4576	28	
4577	28	
4578	28	
4579	28	
4580	28	
4581	28	
4582	28	
4583	28	
4584	28	
4585	28	
4586	28	
4587	28	
4588	28	
4589	28	
4590	28	
4591	28	
4592	28	
4593	28	
4594	28	
4595	28	
4596	28	
4597	28	
4598	28	
4599	28	
4600	28	
4601	28	
4602	28	
4603	28	
4604	28	
4605	28	
4606	28	
4820	29	
4821	29	
4822	29	
4823	29	
4824	29	
4825	29	
4826	29	
4827	29	
4828	29	
4829	29	
4830	29	
4831	29	
4832	29	
4833	29	
4834	29	
4835	29	
4836	29	
4837	29	
4838	29	
4839	29	
4840	29	
4841	29	
4842	29	
4843	29	
4844	29	
4845	29	
4846	29	
4847	29	
4848	29	
4849	29	
5672	30	
5673	30	
5674	30	
5675	30	
5676	30	
5677	30	
5678	30	
5679	30	
5680	30	
5681	30	
5682	30	
5683	30	
5684	30	
5685	30	
5686	30	
5687	30	
5688	30	
5689	30	
5690	30	
5691	30	
5692	30	
5693	30	
5694	30	
5695	30	
5696	30	
5697	30	
5698	30	
5699	30	
5700	30	
5701	30	
5702	30	
5703	30	
5704	30	
5705	30	
5706	30	
5707	30	
6082	31	
6083	31	
6084	31	
6085	31	
6086	31	
6087	31	
6088	31	
6089	31	
6090	31	
6091	31	
6092	31	
6093	31	
6094	31	
6095	31	
6096	31	
6097	31	
6098	31	
6099	31	
6100	31	
6101	31	
6102	31	
6103	31	
6104	31	
6105	31	
6106	31	
6107	31	
6108	31	
6109	31	
6110	31	
6111	31	
6112	31	
6113	31	
6114	31	
6115	31	
6116	31	
6117	31	
6118	31	
6119	31	
6120	31	
6121	31	
6122	31	
6123	31	
6124	31	
6125	31	
6126	31	
6127	31	
6128	31	
6129	31	
6130	31	
6131	31	
6132	31	
6133	31	
6134	31	
6135	31	
6136	31	
6137	31	
6138	31	
6139	31	
6140	31	
6141	31	
6432	32	
6433	32	
6434	32	
6435	32	
6436	32	
6437	32	
6438	32	
6439	32	
6440	32	
6441	32	
6442	32	
6443	32	
6444	32	
6445	32	
6446	32	
6447	32	
6448	32	
6449	32	
6450	32	
6451	32	
6452	32	
6453	32	
6454	32	
6455	32	
6456	32	
6457	32	
6458	32	
6459	32	
6460	32	
6461	32	
6462	32	
6463	32	
6493	33	
6494	33	
6495	33	
6496	33	
6497	33	
6498	33	
6499	33	
6500	33	
6501	33	
6502	33	
6503	33	
6504	33	
6505	33	
6506	33	
6507	33	
6508	33	
6509	33	
6510	33	
6511	33	
6512	33	
6513	33	
6514	33	
6515	33	
6516	33	
6517	33	
6518	33	
6519	33	
6520	33	
6521	33	
6522	33	
6523	33	
6524	33	
6525	33	
6526	33	
6527	33	
6528	33	
6529	33	
6530	33	
6531	33	
6532	33	
6533	33	
6534	33	
6535	33	
6536	33	
6537	33	
6538	33	
6539	33	
6540	33	
6541	33	
6542	33	
6543	33	
6544	33	
6545	33	
6546	33	
6547	33	
6548	33	
6549	33	
6550	33	
6551	33	
6552	33	
6553	33	
6554	33	
6555	33	
6556	33	
6557	33	
6558	33	
6559	33	
6560	33	
6561	33	
6562	33	
6563	33	
6564	33	
6565	33	
6566	33	
6567	33	
6568	33	
6569	33	
6570	33	
6571	33	
7299	34	
7300	34	
7301	34	
7302	34	
7303	34	
7304	34	
7305	34	
7306	34	
7307	34	
7308	34	
7309	34	
7310	34	
7311	34	
7312	34	
7313	34	
7314	34	
7315	34	
7316	34	
7317	34	
7318	34	
7319	34	
7320	34	
7321	34	
7322	34	
7323	34	
7324	34	
7325	34	
7326	34	
7327	34	
7328	34	
7329	34	
7330	34	
7331	34	
7332	34	
7333	34	
8044	35	
8045	35	
8046	35	
8047	35	
8048	35	
8049	35	
8050	35	
8051	35	
8052	35	
8053	35	
8054	35	
8055	35	
8056	35	
8057	35	
8058	35	
8059	35	
8060	35	
8061	35	
8062	35	
8063	35	
8064	35	
8065	35	
8066	35	
8067	35	
8068	35	
8069	35	
8070	35	
8071	35	
8531	36	
8532	36	
8533	36	
8534	36	
8535	36	
8536	36	
8537	36	
8538	36	
8539	36	
8540	36	
8541	36	
8542	36	
8543	36	
8544	36	
8545	36	
8546	36	
8547	36	
8548	36	
8549	36	
8550	36	
8551	36	
8552	36	
8553	36	
8554	36	
8555	36	
8556	36	
8557	36	
8558	36	
8559	36	
8560	36	
8561	36	
8562	36	
8563	36	
8564	36	
8565	36	
8566	36	
8567	36	
8568	36	
8569	36	
8570	36	
8571	36	
8572	36	
8573	36	
8574	36	
8575	36	37	
8576	36	37	
8577	37	
8578	37	
8579	37	
8580	37	
8581	37	
8582	37	
8583	37	
8584	37	
8585	37	
8586	37	
8587	37	
8588	37	
8589	37	
8590	37	
8591	37	
8592	37	
8593	37	
8594	37	
8595	37	
8596	37	
8597	37	
8598	37	
8599	37	
8600	37	
8601	37	
8602	37	
8603	37	
8604	37	
8605	37	
8606	37	
8607	37	
8608	37	
8609	37	
8610	37	
8611	37	
8612	37	
8613	37	
8614	37	
8615	37	
8616	37	
8617	37	
8618	37	
8619	37	
8620	37	
8621	37	
8622	37	
8623	37	
8624	37	
8625	37	
8626	37	
8627	37	
8628	37	
8629	37	
8630	37	
8631	37	
8632	37	
8633	37	
8634	37	
8635	37	
8636	37	
8637	37	
8638	37	
8639	37	
8640	37	
8641	37	
8642	37	
8643	37	
8644	37	
8645	37	
8646	37	38	
8647	37	38	
8648	37	38	
8649	37	38	
8650	37	38	
8651	38	
8652	38	
8653	38	
8654	38	
8655	38	
8656	38	
8657	38	
8658	38	
8659	38	
8660	38	
8661	38	
8662	38	
8663	38	
8664	38	
8665	38	
8666	38	
8667	38	
8668	38	
8669	38	
8670	38	
8671	38	
8672	38	
8673	38	
8674	38	
8675	38	
8676	38	
8677	38	
8678	38	
8679	38	
8680	38	
8681	38	
8682	38	
8683	38	
8684	38	
8685	38	
8686	38	
8687	38	
8688	38	
8689	38	
8690	38	
8691	38	
8692	38	
8693	38	
8694	38	
8695	38	
8696	38	
8697	38	
8877	39	
8878	39	
8879	39	
8880	39	
8881	39	
8882	39	
8883	39	
8884	39	
8885	39	
8886	39	
8887	39	
8888	39	
8889	39	
8890	39	
8891	39	
8892	39	
8893	39	
8894	39	
8895	39	
8896	39	
8897	39	
8898	39	
8899	39	
8900	39	
8901	39	
8902	39	
8903	39	
8904	39	
8905	39	40	
8906	39	40	
8907	39	40	
8908	39	40	
8909	39	40	
8910	39	40	
8911	39	40	
8912	39	40	
8913	39	40	
8914	39	40	
8915	39	40	
8916	39	40	
8917	39	40	
8918	40	
8919	40	
8920	40	
8921	40	
8922	40	
8923	40	
8924	40	
8925	40	
8926	40	
8927	40	
8928	40	
8929	40	
8930	40	
8931	40	
8932	40	
8933	40	
8934	40	
8935	40	
8936	40	
8937	40	
8938	40	
8939	40	
8940	40	
8941	40	
8942	40	
8943	40	
8944	40	
8945	40	
8946	40	
8947	40	
8948	40	
8949	40	
8950	40	
8951	40	
8952	40	
8953	40	
8954	40	
8955	40	
8956	40	
8957	40	
8958	40	
8959	40	
8960	40	
8961	40	
8962	40	
8963	40	
