#Ignore first line. Each line has frame idx with variable number of Object IDS.
106	1	
107	1	
108	1	
109	1	
110	1	
111	1	
112	1	
113	1	
114	1	
123	2	
124	2	
125	2	
126	2	
127	2	
128	2	
129	2	
130	2	
131	2	
132	2	
133	2	
134	2	
135	2	
136	2	
137	2	
138	2	
139	2	
140	2	
141	2	
142	2	
143	2	
144	2	
145	2	
146	2	
147	2	
148	2	
149	2	
150	2	
151	2	
152	2	
153	2	
154	2	
155	2	
156	2	
432	3	
433	3	
434	3	
435	3	
436	3	
437	3	
438	3	
439	3	
440	3	
441	3	
442	3	
443	3	
444	3	
445	3	
446	3	
447	3	
448	3	
449	3	
450	3	
451	3	
452	3	
453	3	
454	3	
455	3	
456	3	
457	3	
458	3	
459	3	
460	3	
461	3	
462	3	
600	4	
601	4	
602	4	
603	4	
604	4	
605	4	
606	4	
607	4	
608	4	
609	4	
610	4	
611	4	
612	4	
613	4	
614	4	
615	4	
616	4	
617	4	
618	4	
619	4	
992	26	
993	26	
994	26	
995	26	
996	26	
997	26	
998	26	
999	26	
1000	26	
1001	26	
1002	26	
1003	26	
1004	26	
1247	5	
1248	5	
1249	5	
1250	5	
1251	5	
1252	5	
1253	5	
1254	5	
1255	5	
1256	5	
1257	5	
1258	5	
1259	5	
1260	5	
1261	5	
1262	5	
1263	5	
1264	5	
1265	5	
1372	6	
1373	6	
1374	6	
1375	6	
1376	6	
1377	6	
1378	6	
1379	6	
1380	6	
1381	6	
1382	6	
1383	6	
1384	6	
1385	6	
1386	6	
1387	6	
1388	6	
1389	6	
1390	6	
1391	6	
1392	6	
1393	6	
1394	6	
1395	6	
1396	6	
1397	6	
1398	6	
1801	7	
1802	7	
1803	7	
1804	7	
1805	7	
1806	7	
1807	7	
1808	7	
1809	7	
1810	7	
1811	7	
1812	7	
1813	7	
1814	7	
1815	7	
1816	7	
1817	7	
1818	7	
1819	7	
1820	7	
1821	7	
1822	7	
1823	7	
1824	7	
1825	7	
1826	7	
1827	7	
1828	7	
1829	7	
1830	7	
1831	7	
1832	7	
1833	7	
1834	7	
1835	7	
1836	7	
1837	7	
1838	7	
1839	7	
1840	7	
1841	7	
1842	7	
1843	7	
1844	7	
2270	8	
2271	8	
2272	8	
2273	8	
2274	8	
2275	8	
2276	8	
2277	8	
2278	8	
2279	8	
2280	8	
2281	8	
2282	8	
2283	8	
2284	8	
2285	8	
2286	8	
2287	8	
2288	8	
2289	8	
2290	8	
2291	8	
2292	8	
2293	8	
2294	8	
2295	8	
2296	8	
2297	8	
2298	8	
2299	8	
2300	8	
2301	8	
2855	10	
2856	10	
2857	10	
2858	10	
2859	10	
2860	10	
2861	10	
2862	10	
2863	10	
2864	10	
2865	10	
2866	10	
2867	10	
2868	10	
2869	10	
2870	10	
2871	10	
2872	10	
2873	10	
2874	10	
2875	10	
2876	10	
2877	10	
2878	10	11	
2879	10	11	
2880	10	11	
2881	10	11	
2882	10	11	
2883	10	11	
2884	10	11	
2885	10	11	
2886	10	11	
2887	10	11	
2888	10	11	
2889	10	11	
2890	10	11	
2891	11	
2892	11	
2893	11	
2894	11	
3022	12	
3023	12	
3024	12	
3025	12	
3026	12	
3027	12	
3028	12	
3029	12	
3030	12	
3031	12	
3032	12	
3033	12	
3034	12	
3035	12	
3036	12	
3037	12	
3038	12	
3039	12	
3040	12	
3271	13	
3272	13	
3273	13	
3274	13	
3275	13	
3276	13	
3277	13	
3278	13	
3279	13	
3280	13	
3281	13	
3282	13	
3283	13	
3284	13	
3285	13	
3286	13	
3287	13	
3882	14	
3883	14	
3884	14	
3885	14	
3886	14	
3887	14	
3888	14	
3889	14	
3890	14	
3891	14	
3892	14	
3893	14	
3894	14	
3895	14	
3896	14	
3897	14	
3898	14	
3899	14	
3900	14	
3901	14	
3902	14	
3903	14	
3904	14	
3905	14	
3906	14	
3907	14	
3908	14	
3909	14	
3910	14	
3911	14	
3912	14	
3913	14	
3914	14	
3915	14	
4199	27	
4200	27	
4201	27	
4202	27	
4203	27	
4204	27	
4205	27	
4206	27	
4207	27	
4208	27	
4209	27	
4210	27	
4211	27	
4528	15	
4529	15	
4530	15	
4531	15	
4532	15	
4533	15	
4534	15	
4535	15	
4536	15	
4537	15	
4538	15	
4539	15	
4540	15	
4541	15	
4542	15	
4543	15	
4648	16	
4649	16	
4650	16	
4651	16	
4652	16	
4653	16	
4654	16	
4655	16	
4656	16	
4657	16	
4658	16	
4659	16	
4660	16	
4661	16	
4662	16	
4663	16	
4664	16	
4665	16	
4666	16	
4667	16	
4668	16	
5951	17	
5952	17	
5953	17	
5954	17	
5955	17	
5956	17	
5957	17	
5958	17	
5959	17	
5960	17	
5961	17	
5962	17	
5963	17	
5964	17	
5965	17	
5966	17	
5967	17	
5968	17	
5969	17	
5970	17	
5971	17	
5972	17	
5973	17	
5974	17	
5975	17	
5976	17	
5977	17	
5978	17	
5979	17	
5980	17	
5981	17	
5982	17	
5983	17	
5984	17	
5985	17	
5986	17	
5987	17	
5988	17	
5989	17	
5990	17	
5991	17	
5992	17	
5993	17	
5994	17	
5995	17	
5996	17	
5997	17	
5998	17	
5999	17	
6000	17	
6001	17	
6002	17	
6003	17	
6004	17	
6005	17	
6006	17	
6007	17	
6008	17	
6009	17	
6010	17	
6011	17	
6012	17	
6013	17	
6014	17	
6015	17	
6016	17	
6017	17	
6018	17	
6019	17	
6020	17	
6021	17	
6022	17	
6023	17	
6024	17	
6025	17	
6026	17	
6027	17	
6028	17	
6029	17	
6030	17	
6031	17	
6032	17	
6033	17	
6034	17	
6035	17	
6036	17	
6037	17	
6038	17	
6039	17	
6040	17	
6041	17	
6042	17	
6043	17	
6066	18	
6067	18	
6068	18	
6069	18	
6070	18	
6071	18	
6072	18	
6073	18	
6074	18	
6075	18	
6076	18	
6077	18	
6078	18	
6079	18	
6080	18	
6081	18	
6082	18	19	
6083	18	19	
6084	18	19	
6085	18	19	
6086	18	19	
6087	18	19	
6088	18	19	
6089	18	19	
6090	18	19	
6091	18	19	
6092	18	19	
6093	18	19	
6094	18	19	
6095	18	19	
6096	18	19	
6097	18	19	
6098	18	19	
6099	18	19	
6100	18	19	
6101	18	19	
6102	18	19	
6103	18	19	
6104	18	19	20	
6105	18	19	20	
6106	18	19	20	
6107	18	19	20	
6108	18	19	20	
6109	18	19	20	
6110	18	19	20	
6111	18	19	20	
6112	18	19	20	
6113	18	19	20	
6114	18	19	20	
6115	18	19	20	
6116	18	19	20	
6117	18	19	20	
6118	18	19	20	
6119	18	19	
6120	18	19	
6121	18	19	
6122	18	19	
6123	18	19	
6124	18	19	
6125	18	19	
6126	18	19	
6127	18	19	
6128	18	19	
6129	18	19	
6130	18	19	
6131	18	19	
6132	18	
6133	18	
6134	18	
6135	18	
6136	18	
6137	18	
6138	18	
6139	18	
6140	18	
6141	18	
6142	18	
6143	18	
6144	18	
6145	18	
6146	18	
6147	18	
6148	18	
6149	18	
6150	18	
6151	18	
6152	18	
6153	18	
6154	18	
6155	18	
6156	18	
6157	18	
6158	18	
6159	18	
6160	18	
6161	18	
6162	18	
6163	18	
6164	18	
6165	18	
6166	18	
6167	18	
6168	18	
6169	18	
6238	21	
6239	21	
6240	21	
6241	21	
6242	21	
6243	21	
6244	21	
6245	21	
6246	21	
6247	21	
6248	21	
6249	21	
6250	21	
6251	21	
6252	21	
6253	21	
6254	21	
6255	21	
6256	21	
6257	21	
6258	21	
6259	21	
7260	22	
7261	22	
7262	22	
7263	22	
7264	22	
7265	22	
7266	22	
7267	22	
7268	22	
7269	22	
7270	22	
7271	22	
7272	22	
7273	22	
7274	22	
7275	22	
7276	22	
7277	22	
7278	22	
7279	22	
7280	22	
7281	22	
7282	22	
7283	22	
7284	22	
7285	22	
7286	22	
7287	22	
7288	22	
7289	22	
7290	22	
7291	22	
7292	22	
7293	22	
7294	22	
7715	23	
7716	23	
7717	23	
7718	23	
7719	23	
7720	23	
7721	23	
7722	23	
7723	23	
7724	23	
7725	23	
7726	23	
7727	23	
7728	23	
7729	23	
7730	23	
8087	24	
8088	24	
8089	24	
8090	24	
8091	24	
8092	24	
8093	24	
8094	24	
8095	24	
8096	24	
8097	24	
8098	24	
8099	24	
8100	24	
8101	24	
8102	24	
8103	24	
8104	24	
8105	24	
8906	25	
8907	25	
8908	25	
8909	25	
8910	25	
8911	25	
8912	25	
8913	25	
8914	25	
8915	25	
8916	25	
8917	25	
8918	25	
8919	25	
8920	25	
8921	25	
8922	25	
8923	25	
8924	25	
8925	25	
8926	25	
8927	25	
8928	25	
8929	25	
8930	25	
