#Ignore first line. Each line has frame idx with variable number of Object IDS.
11	1
12	1
13	1
14	1
15	1
21	2
22	2
23	2
24	2
60	3
77	4   5
78  4   5
79	5
80	5
81	5
82	5
278	6
384	7
385	7
386	7
387	7
388	7
389	7
390	7
391	7
392	7
393	7
394	7
395	7
396	7
397	7
398	7
399	7
400	7
401	7
402	7
403	7
404	7
405	7
407	7
429 8
430	8
431	8
474	9
475	9
476	9
477	9
478	9
479	9
515 10	
516 10	
517 10	
518 10	
519 10	
520 10	
521 10	
522 10	
523 10	
524 10	
525 10	
526 10	
527 10	
528 10	
529 10	
530 10	
531 10	
532 10	
533 10	
534 10	
535 10	
536 10	
537 10	
538 10	
539 10	
540 10	
541 10	
542 10	
543 10	
544 10	
545 10	
546 10	
547 10	
548 10	
549 10	
550 10	
551 10	
552 10	
553 10	
554 10	
555 10	
801	11
802	11
804	11
